100 2.1253e-05
600 8.8676e-05
1100 0.000137886
1600 0.000186081
2100 0.000286504
2600 0.000409174
3100 0.000537092
3600 0.000497583
4100 0.000606455
4600 0.000714316
5100 0.000834447
5600 0.000968269
6100 0.00110542
6600 0.000955579
7100 0.00105362
7600 0.00115754
8100 0.00127034
8600 0.00139573
9100 0.0015364
9600 0.00164658
10100 0.001811
10600 0.001931
11100 0.002073
11600 0.002251
12100 0.002374
12600 0.002501
13100 0.002083
13600 0.002194
14100 0.002298
14600 0.002393
15100 0.002513
15600 0.002641
16100 0.002732
16600 0.002862
17100 0.003084
17600 0.003136
18100 0.003315
18600 0.003398
19100 0.003553
19600 0.003679
20100 0.003765
20600 0.003973
21100 0.004068
21600 0.004243
22100 0.004416
22600 0.004455
23100 0.00465
23600 0.004788
24100 0.004956
24600 0.005112
25100 0.005254
25600 0.004297
26100 0.004386
26600 0.00455
27100 0.00467
27600 0.004783
28100 0.00487
28600 0.004997
29100 0.005056
29600 0.005218
