100 2e-06
600 2e-06
1100 2e-06
1600 2e-06
2100 2e-06
2600 1e-06
3100 1e-06
3600 2e-06
4100 1e-06
4600 1e-06
5100 1e-06
5600 2e-06
6100 1e-06
6600 2e-06
7100 2e-06
7600 2e-06
8100 1e-06
8600 1e-06
9100 1e-06
9600 1e-06
10100 1e-06
10600 1e-06
11100 1e-06
11600 1e-06
12100 1e-06
12600 1e-06
13100 1e-06
13600 1e-06
14100 1e-06
14600 1e-06
15100 1e-06
15600 1e-06
16100 1e-06
16600 2e-06
17100 2e-06
17600 1e-06
18100 1e-06
18600 1e-06
19100 1e-06
19600 1e-06
20100 1e-06
20600 1e-06
21100 1e-06
21600 1e-06
22100 1e-06
22600 1e-06
23100 1e-06
23600 1e-06
24100 1e-06
24600 1e-06
25100 1e-06
25600 1e-06
26100 1e-06
26600 1e-06
27100 1e-06
27600 1e-06
28100 1e-06
28600 1e-06
29100 1e-06
29600 1e-06
30100 1e-06
30600 0
31100 1e-06
31600 1e-06
32100 1e-06
32600 1e-06
33100 1e-06
33600 1e-06
34100 1e-06
34600 1e-06
35100 1e-06
35600 1e-06
36100 1e-06
36600 1e-06
37100 1e-06
37600 1e-06
38100 0
38600 0
39100 0
39600 0
40100 1e-06
40600 0
41100 1e-06
41600 1e-06
42100 1e-06
42600 1e-06
43100 1e-06
43600 1e-06
44100 1e-06
44600 1e-06
45100 1e-06
45600 1e-06
46100 1e-06
46600 1e-06
47100 1e-06
47600 1e-06
48100 1e-06
48600 1e-06
49100 1e-06
49600 0
50100 0
50600 1e-06
51100 1e-06
51600 1e-06
52100 0
52600 1e-06
53100 1e-06
53600 1e-06
54100 1e-06
54600 0
55100 1e-06
55600 1e-06
56100 1e-06
56600 1e-06
57100 1e-06
57600 1e-06
58100 1e-06
58600 1e-06
59100 1e-06
59600 0
60100 1e-06
60600 0
61100 1e-06
61600 1e-06
62100 1e-06
62600 1e-06
63100 1e-06
63600 1e-06
64100 0
64600 1e-06
65100 1e-06
65600 1e-06
66100 1e-06
66600 1e-06
67100 1e-06
67600 1e-06
68100 1e-06
68600 1e-06
69100 1e-06
69600 2.1e-05
70100 1e-06
70600 1e-06
71100 1e-06
71600 0
72100 1e-06
72600 1e-06
73100 1e-06
73600 1e-06
74100 1e-06
74600 1e-06
75100 1e-06
75600 1e-06
76100 1e-06
76600 1e-06
77100 1e-06
77600 1e-06
78100 0
78600 1e-06
79100 1e-06
79600 1e-06
80100 1e-06
80600 0
81100 1e-06
81600 1e-06
82100 1e-06
82600 1e-06
83100 0
83600 1e-06
84100 1e-06
84600 1e-06
85100 0
85600 1e-06
86100 1e-06
86600 1e-06
87100 1e-06
87600 1e-06
88100 1e-06
88600 1e-06
89100 1e-06
89600 1e-06
90100 1e-06
90600 1e-06
91100 1e-06
91600 1e-06
92100 1e-06
92600 1e-06
93100 1e-06
93600 1e-06
94100 1e-06
94600 1e-06
95100 1e-06
95600 1e-06
96100 1e-06
96600 1e-06
97100 1e-06
97600 1e-06
98100 1e-06
98600 0
99100 1e-06
99600 0
100100 1e-06
100600 1e-06
101100 0
101600 1e-06
102100 0
102600 1e-06
103100 1e-06
103600 1e-06
104100 1e-06
104600 1e-06
105100 2e-06
105600 1e-06
106100 1e-06
106600 1e-06
107100 1e-06
107600 1e-06
108100 1e-06
108600 1e-06
109100 0
109600 1e-06
110100 1e-06
110600 1e-06
111100 1e-06
111600 0
112100 1e-06
112600 1e-06
113100 1e-06
113600 1e-06
114100 1e-06
114600 0
115100 1e-06
115600 1e-06
116100 1e-06
116600 1e-06
117100 1e-06
117600 1e-06
118100 1e-06
118600 1e-06
119100 1e-06
119600 1e-06
120100 1e-06
120600 1e-06
121100 1e-06
121600 1e-06
122100 1e-06
122600 1e-06
123100 1e-06
123600 1e-06
124100 1e-06
124600 1e-06
125100 1e-06
125600 0
126100 0
126600 1e-06
127100 0
127600 1e-06
128100 1e-06
128600 1e-06
129100 1e-06
129600 1e-06
130100 1e-06
130600 1e-06
131100 1e-06
131600 0
132100 0
132600 0
133100 1e-06
133600 1e-06
134100 0
134600 1e-06
135100 0
135600 1e-06
136100 1e-06
136600 1e-06
137100 0
137600 1e-06
138100 1e-06
138600 1e-06
139100 1e-06
139600 1e-06
140100 1e-06
140600 1e-06
141100 1e-06
141600 1e-06
142100 1e-06
142600 1e-06
143100 0
143600 1e-06
144100 1e-06
144600 1e-06
145100 1e-06
145600 1e-06
146100 1e-06
146600 1e-06
147100 0
147600 1e-06
148100 1e-06
148600 1e-06
149100 1e-06
149600 1e-06
150100 1e-06
150600 1e-06
151100 1e-06
151600 1e-06
152100 0
152600 0
153100 1e-06
153600 1e-06
154100 1e-06
154600 0
155100 1e-06
155600 1e-06
156100 1e-06
156600 1e-06
157100 1e-06
157600 1e-06
158100 0
158600 1e-06
159100 1e-06
159600 0
160100 1e-06
160600 1e-06
161100 1e-06
161600 1e-06
162100 1e-06
162600 0
163100 1e-06
163600 1e-06
164100 1e-06
164600 1e-06
165100 1e-06
165600 0
166100 1e-06
166600 1e-06
167100 1e-06
167600 1e-06
168100 1e-06
168600 1e-06
169100 1e-06
169600 1e-06
170100 1e-06
170600 0
171100 1e-06
171600 0
172100 1e-06
172600 1e-06
173100 1e-06
173600 1e-06
174100 1e-06
174600 1e-06
175100 1e-06
175600 1e-06
176100 1e-06
176600 1e-06
177100 1e-06
177600 1e-06
178100 1e-06
178600 2e-06
179100 1e-06
179600 1e-06
180100 1e-06
180600 1e-06
181100 1e-06
181600 1e-06
182100 1e-06
182600 1e-06
183100 1e-06
183600 1e-06
184100 1e-06
184600 1e-06
185100 1e-06
185600 1e-06
186100 2e-06
186600 1e-06
187100 1e-06
187600 1e-06
188100 1e-06
188600 1e-06
189100 1e-06
189600 1e-06
190100 1e-06
190600 1e-06
191100 1e-06
191600 1e-06
192100 2e-06
192600 2e-06
193100 0
193600 1e-06
194100 1e-06
194600 1e-06
195100 1e-06
195600 1e-06
196100 1e-06
196600 1e-06
197100 1e-06
197600 1e-06
198100 0
198600 1e-06
199100 1e-06
199600 1e-06
200100 0
200600 1e-06
201100 1e-06
201600 1e-06
202100 1e-06
202600 1e-06
203100 1e-06
203600 1e-06
204100 0
204600 1e-06
205100 1e-06
205600 1e-06
206100 1e-06
206600 1e-06
207100 0
207600 1e-06
208100 1e-06
208600 1e-06
209100 1e-06
209600 1e-06
210100 1e-06
210600 1e-06
211100 1e-06
211600 2e-06
212100 1e-06
212600 2e-06
213100 2e-06
213600 1e-06
214100 1e-06
214600 1e-06
215100 1e-06
215600 0
216100 1e-06
216600 1e-06
217100 1e-06
217600 1e-06
218100 0
218600 2e-06
219100 1e-06
219600 1e-06
220100 1e-06
220600 1e-06
221100 0
221600 1e-06
222100 1e-06
222600 1e-06
223100 1e-06
223600 1e-06
224100 1e-06
224600 1e-06
225100 1e-06
225600 1e-06
226100 1e-06
226600 1e-06
227100 1e-06
227600 1e-06
228100 1e-06
228600 2e-06
229100 1e-06
229600 1e-06
230100 0
230600 1e-06
231100 1e-06
231600 1e-06
232100 1e-06
232600 1e-06
233100 1e-06
233600 1e-06
234100 1e-06
234600 0
235100 1e-06
235600 1e-06
236100 0
236600 1e-06
237100 1e-06
237600 1e-06
238100 0
238600 1e-06
239100 0
239600 1e-06
240100 0
240600 1e-06
241100 1e-06
241600 1e-06
242100 1e-06
242600 1e-06
243100 1e-06
243600 1e-06
244100 1e-06
244600 0
245100 1e-06
245600 1e-06
246100 1e-06
246600 1e-06
247100 1e-06
247600 1e-06
248100 1e-06
248600 1e-06
249100 1e-06
249600 1e-06
250100 1e-06
250600 1e-06
251100 1e-06
251600 1e-06
252100 1e-06
252600 1e-06
253100 1e-06
253600 1e-06
254100 1e-06
254600 1e-06
255100 1e-06
255600 1e-06
256100 1e-06
256600 1e-06
257100 1e-06
257600 1e-06
258100 0
258600 1e-06
259100 0
259600 0
260100 0
260600 1e-06
261100 1e-06
261600 1e-06
262100 0
262600 1e-06
263100 1e-06
263600 1e-06
264100 0
264600 1e-06
265100 1e-06
265600 1e-06
266100 1e-06
266600 1e-06
267100 1e-06
267600 1e-06
268100 1e-06
268600 0
269100 1e-06
269600 1e-06
270100 1e-06
270600 0
271100 1e-06
271600 1e-06
272100 1e-06
272600 1e-06
273100 1e-06
273600 1e-06
274100 1e-06
274600 1e-06
275100 0
275600 1e-06
276100 1e-06
276600 1e-06
277100 1e-06
277600 1e-06
278100 1e-06
278600 1e-06
279100 1e-06
279600 1e-06
280100 1e-06
280600 1e-06
281100 0
281600 1e-06
282100 0
282600 0
283100 1e-06
283600 1e-06
284100 1e-06
284600 1e-06
285100 1e-06
285600 1e-06
286100 1e-06
286600 1e-06
287100 1e-06
287600 1e-06
288100 1e-06
288600 1e-06
289100 1e-06
289600 0
290100 1e-06
290600 1e-06
291100 1e-06
291600 1e-06
292100 1e-06
292600 1e-06
293100 1e-06
293600 1e-06
294100 1e-06
294600 1e-06
295100 1e-06
295600 1e-06
296100 1e-06
296600 0
297100 1e-06
297600 1e-06
298100 1e-06
298600 1e-06
299100 0
299600 1e-06
300100 1e-06
300600 1e-06
301100 1e-06
301600 1e-06
302100 1e-06
302600 1e-06
303100 1e-06
303600 0
304100 1e-06
304600 0
305100 1e-06
305600 1e-06
306100 1e-06
306600 1e-06
307100 1e-06
307600 1e-06
308100 1e-06
308600 1e-06
309100 1e-06
309600 1e-06
310100 1e-06
310600 1e-06
311100 0
311600 1e-06
312100 0
312600 1e-06
313100 1e-06
313600 1e-06
314100 1e-06
314600 0
315100 1e-06
315600 0
316100 1e-06
316600 0
317100 1e-06
317600 1e-06
318100 1e-06
318600 1e-06
319100 1e-06
319600 1e-06
320100 1e-06
320600 1e-06
321100 1e-06
321600 1e-06
322100 0
322600 1e-06
323100 1e-06
323600 1e-06
324100 1e-06
324600 1e-06
325100 1e-06
325600 0
326100 1e-06
326600 1e-06
327100 1e-06
327600 1e-06
328100 0
328600 1e-06
329100 0
329600 0
330100 1e-06
330600 1e-06
331100 1e-06
331600 1e-06
332100 1e-06
332600 1e-06
333100 1e-06
333600 1e-06
334100 0
334600 1e-06
335100 1e-06
335600 1e-06
336100 1e-06
336600 0
337100 0
337600 1e-06
338100 1e-06
338600 1e-06
339100 1e-06
339600 1e-06
340100 1e-06
340600 1e-06
341100 1e-06
341600 1e-06
342100 1e-06
342600 1e-06
343100 1e-06
343600 1e-06
344100 1e-06
344600 1e-06
345100 1e-06
345600 1e-06
346100 1e-06
346600 1e-06
347100 2e-06
347600 1e-06
348100 1e-06
348600 1e-06
349100 1e-06
349600 1e-06
350100 0
350600 1e-06
351100 0
351600 1e-06
352100 1e-06
352600 1e-06
353100 1e-06
353600 1e-06
354100 1e-06
354600 1e-06
355100 0
355600 1e-06
356100 1e-06
356600 1e-06
357100 0
357600 1e-06
358100 1e-06
358600 1e-06
359100 1e-06
359600 0
360100 1e-06
360600 1e-06
361100 1e-06
361600 1e-06
362100 1e-06
362600 2e-06
363100 0
363600 1e-06
364100 1e-06
364600 1e-06
365100 1e-06
365600 1e-06
366100 1e-06
366600 2e-06
367100 1e-06
367600 1e-06
368100 1e-06
368600 1e-06
369100 1e-06
369600 1e-06
370100 1e-06
370600 1e-06
371100 1e-06
371600 1e-06
372100 1e-06
372600 0
373100 1e-06
373600 1e-06
374100 1e-06
374600 1e-06
375100 1e-06
375600 1e-06
376100 1e-06
376600 1e-06
377100 1e-06
377600 1e-06
378100 1e-06
378600 1e-06
379100 1e-06
379600 1e-06
380100 1e-06
380600 1e-06
381100 1e-06
381600 1e-06
382100 1e-06
382600 1e-06
383100 1e-06
383600 1e-06
384100 1e-06
384600 1e-06
385100 1e-06
385600 1e-06
386100 1e-06
386600 1e-06
387100 1e-06
387600 1e-06
388100 1e-06
388600 0
389100 1e-06
389600 0
390100 1e-06
390600 1e-06
391100 1e-06
391600 1e-06
392100 1e-06
392600 1e-06
393100 0
393600 2e-06
394100 1e-06
394600 1e-06
395100 1e-06
395600 1e-06
396100 1e-06
396600 1e-06
397100 1e-06
397600 1e-06
398100 0
398600 1e-06
399100 1e-06
399600 1e-06
400100 1e-06
400600 1e-06
401100 1e-06
401600 2e-06
402100 1e-06
402600 1e-06
403100 1e-06
403600 1e-06
404100 1e-06
404600 1e-06
405100 0
405600 1e-06
406100 1e-06
406600 1e-06
407100 1e-06
407600 2e-06
408100 1e-06
408600 1e-06
409100 1e-06
409600 1e-06
410100 1e-06
410600 0
411100 1e-06
411600 0
412100 1e-06
412600 1e-06
413100 1e-06
413600 1e-06
414100 1e-06
414600 1e-06
415100 1e-06
415600 1e-06
416100 1e-06
416600 1e-06
417100 1e-06
417600 1e-06
418100 1e-06
418600 1e-06
419100 1e-06
419600 1e-06
420100 6e-06
420600 1e-06
421100 1e-06
421600 1e-06
422100 1e-06
422600 1e-06
423100 1e-06
423600 1e-06
424100 1e-06
424600 1e-06
425100 1e-06
425600 1e-06
426100 1e-06
426600 2e-06
427100 1e-06
427600 1e-06
428100 1e-06
428600 1e-06
429100 1e-06
429600 1e-06
430100 1e-06
430600 1e-06
431100 1e-06
431600 1e-06
432100 1e-06
432600 1e-06
433100 1e-06
433600 1e-06
434100 0
434600 1e-06
435100 1e-06
435600 1e-06
436100 1e-06
436600 1e-06
437100 1e-06
437600 1e-06
438100 1e-06
438600 1e-06
439100 1e-06
439600 1e-06
440100 1e-06
440600 1e-06
441100 1e-06
441600 1e-06
442100 1e-06
442600 1e-06
443100 1e-06
443600 1e-06
444100 1e-06
444600 1e-06
445100 1e-06
445600 1e-06
446100 1e-06
446600 1e-06
447100 1e-06
447600 1e-06
448100 1e-06
448600 1e-06
449100 1e-06
449600 1e-06
450100 1e-06
450600 1e-06
451100 1e-06
451600 1e-06
452100 0
452600 1e-06
453100 1e-06
453600 1e-06
454100 1e-06
454600 1e-06
455100 1e-06
455600 1e-06
456100 1e-06
456600 1e-06
457100 1e-06
457600 1e-06
458100 1e-06
458600 1e-06
459100 1e-06
459600 1e-06
460100 1e-06
460600 1e-06
461100 1e-06
461600 1e-06
462100 1e-06
462600 1e-06
463100 1e-06
463600 1e-06
464100 1e-06
464600 1e-06
465100 1e-06
465600 1e-06
466100 0
466600 1e-06
467100 1e-06
467600 1e-06
468100 2e-06
468600 1e-06
469100 1e-06
469600 1e-06
470100 1e-06
470600 1e-06
471100 1e-06
471600 1e-06
472100 1e-06
472600 2e-06
473100 1e-06
473600 1e-06
474100 1e-06
474600 1e-06
475100 1e-06
475600 1e-06
476100 1e-06
476600 0
477100 1e-06
477600 1e-06
478100 1e-06
478600 1e-06
479100 1e-06
479600 1e-06
480100 2e-06
480600 1e-06
481100 1e-06
481600 1e-06
482100 1e-06
482600 1e-06
483100 1e-06
483600 1e-06
484100 1e-06
484600 1e-06
485100 1e-06
485600 1e-06
486100 0
486600 1e-06
487100 1e-06
487600 1e-06
488100 1e-06
488600 1e-06
489100 2e-06
489600 1e-06
490100 1e-06
490600 1e-06
491100 2e-06
491600 1e-06
492100 1e-06
492600 1e-06
493100 1e-06
493600 1e-06
494100 2e-06
494600 1e-06
495100 1e-06
495600 0
496100 1e-06
496600 1e-06
497100 1e-06
497600 1e-06
498100 2e-06
498600 1e-06
499100 1e-06
499600 1e-06
500100 1e-06
500600 1e-06
501100 1e-06
501600 1e-06
502100 1e-06
502600 2e-06
503100 1e-06
503600 1e-06
504100 1e-06
504600 1e-06
505100 1e-06
505600 0
506100 0
506600 1e-06
507100 1e-06
507600 1e-06
508100 1e-06
508600 1e-06
509100 1e-06
509600 1e-06
510100 1e-06
510600 1e-06
511100 1e-06
511600 1e-06
512100 1e-06
512600 1e-06
513100 1e-06
513600 2e-06
514100 1e-06
514600 1e-06
515100 0
515600 1e-06
516100 1e-06
516600 2e-06
517100 1e-06
517600 1e-06
518100 1e-06
518600 1e-06
519100 2e-06
519600 1e-06
520100 0
520600 1e-06
521100 1e-06
521600 0
522100 1e-06
522600 0
523100 1e-06
523600 0
524100 1e-06
524600 1e-06
525100 1e-06
525600 0
526100 1e-06
526600 1e-06
527100 1e-06
527600 1e-06
528100 1e-06
528600 2e-06
529100 1e-06
529600 1e-06
530100 1e-06
530600 1e-06
531100 0
531600 1e-06
532100 1e-06
532600 1e-06
533100 1e-06
533600 1e-06
534100 1e-06
534600 0
535100 1e-06
535600 1e-06
536100 1e-06
536600 1e-06
537100 1e-06
537600 1e-06
538100 1e-06
538600 1e-06
539100 1e-06
539600 1e-06
540100 1e-06
540600 1e-06
541100 1e-06
541600 1e-06
542100 1e-06
542600 1e-06
543100 1e-06
543600 1e-06
544100 1e-06
544600 1e-06
545100 1e-06
545600 1e-06
546100 1e-06
546600 1e-06
547100 1e-06
547600 0
548100 1e-06
548600 1e-06
549100 1e-06
549600 1e-06
550100 1e-06
550600 1e-06
551100 1e-06
551600 1e-06
552100 1e-06
552600 1e-06
553100 2e-06
553600 1e-06
554100 1e-06
554600 1e-06
555100 1e-06
555600 1e-06
556100 1e-06
556600 1e-06
557100 1e-06
557600 1e-06
558100 0
558600 1e-06
559100 1e-06
559600 1e-06
560100 1e-06
560600 1e-06
561100 1e-06
561600 1e-06
562100 1e-06
562600 1e-06
563100 1e-06
563600 1e-06
564100 1e-06
564600 1e-06
565100 1e-06
565600 1e-06
566100 1e-06
566600 1e-06
567100 1e-06
567600 1e-06
568100 1e-06
568600 1e-06
569100 1e-06
569600 1e-06
570100 1e-06
570600 1e-06
571100 1e-06
571600 1e-06
572100 2e-06
572600 1e-06
573100 1e-06
573600 1e-06
574100 1e-06
574600 1e-06
575100 2e-06
575600 1e-06
576100 2e-06
576600 0
577100 1e-06
577600 1e-06
578100 1e-06
578600 2e-06
579100 0
579600 2e-06
580100 1e-06
580600 1e-06
581100 1e-06
581600 1e-06
582100 1e-06
582600 1e-06
583100 1e-06
583600 1e-06
584100 1e-06
584600 2e-06
585100 1e-06
585600 1e-06
586100 2e-06
586600 1e-06
587100 1e-06
587600 1e-06
588100 1e-06
588600 1e-06
589100 1e-06
589600 1e-06
590100 1e-06
590600 1e-06
591100 1e-06
591600 1e-06
592100 1e-06
592600 1e-06
593100 1e-06
593600 1e-06
594100 0
594600 1e-06
595100 1e-06
595600 1e-06
596100 1e-06
596600 1e-06
597100 1e-06
597600 1e-06
598100 1e-06
598600 1e-06
599100 1e-06
599600 1e-06
600100 1e-06
600600 1e-06
601100 1e-06
601600 1e-06
602100 1e-06
602600 1e-06
603100 1e-06
603600 1e-06
604100 1e-06
604600 1e-06
605100 1e-06
605600 1e-06
606100 1e-06
606600 2e-06
607100 1e-06
607600 1e-06
608100 0
608600 1e-06
609100 0
609600 1e-06
610100 2e-06
610600 1e-06
611100 1e-06
611600 1e-06
612100 1e-06
612600 1e-06
613100 1e-06
613600 1e-06
614100 1e-06
614600 1e-06
615100 1e-06
615600 1e-06
616100 1e-06
616600 1e-06
617100 1e-06
617600 1e-06
618100 0
618600 1e-06
619100 1e-06
619600 1e-06
620100 1e-06
620600 1e-06
621100 1e-06
621600 2e-06
622100 2e-06
622600 1e-06
623100 0
623600 1e-06
624100 1e-06
624600 1e-06
625100 1e-06
625600 1e-06
626100 1e-06
626600 1e-06
627100 1e-06
627600 1e-06
628100 1e-06
628600 2e-06
629100 1e-06
629600 1e-06
630100 1e-06
630600 1e-06
631100 1e-06
631600 1e-06
632100 1e-06
632600 1e-06
633100 1e-06
633600 2e-06
634100 1e-06
634600 1e-06
635100 1e-06
635600 1e-06
636100 1e-06
636600 1e-06
637100 1e-06
637600 2e-06
638100 2e-06
638600 1e-06
639100 1e-06
639600 1e-06
640100 1e-06
640600 1e-06
641100 1e-06
641600 1e-06
642100 1e-06
642600 1e-06
643100 1e-06
643600 1e-06
644100 1e-06
644600 1e-06
645100 1e-06
645600 1e-06
646100 1e-06
646600 1e-06
647100 1e-06
647600 2e-06
648100 1e-06
648600 2e-06
649100 1e-06
649600 1e-06
650100 1e-06
650600 1e-06
651100 1e-06
651600 1e-06
652100 1e-06
652600 1e-06
653100 1e-06
653600 1e-06
654100 1e-06
654600 0
655100 1e-06
655600 1e-06
656100 1e-06
656600 0
657100 1e-06
657600 1e-06
658100 1e-06
658600 1e-06
659100 1e-06
659600 1e-06
660100 0
660600 2e-06
661100 1e-06
661600 1e-06
662100 0
662600 2e-06
663100 2e-06
663600 1e-06
664100 1e-06
664600 1e-06
665100 1e-06
665600 1e-06
666100 1e-06
666600 1e-06
667100 1e-06
667600 1e-06
668100 0
668600 1e-06
669100 1e-06
669600 1e-06
670100 1e-06
670600 1e-06
671100 2e-06
671600 1e-06
672100 1e-06
672600 1e-06
673100 1e-06
673600 1e-06
674100 0
674600 1e-06
675100 0
675600 1e-06
676100 1e-06
676600 1e-06
677100 1e-06
677600 1e-06
678100 2e-06
678600 1e-06
679100 1e-06
679600 1e-06
680100 1e-06
680600 1e-06
681100 1e-06
681600 1e-06
682100 1e-06
682600 1e-06
683100 1e-06
683600 2e-06
684100 2e-06
684600 0
685100 1e-06
685600 1e-06
686100 1e-06
686600 1e-06
687100 1e-06
687600 1e-06
688100 0
688600 0
689100 1e-06
689600 1e-06
690100 1e-06
690600 1e-06
691100 1e-06
691600 0
692100 1e-06
692600 1e-06
693100 1e-06
693600 1e-06
694100 1e-06
694600 1e-06
695100 1e-06
695600 1e-06
696100 2e-06
696600 1e-06
697100 1e-06
697600 1e-06
698100 1e-06
698600 2e-06
699100 1e-06
699600 1e-06
700100 1e-06
700600 1e-06
701100 1e-06
701600 1e-06
702100 1e-06
702600 1e-06
703100 1e-06
703600 1e-06
704100 1e-06
704600 1e-06
705100 1e-06
705600 2e-06
706100 1e-06
706600 1e-06
707100 1e-06
707600 1e-06
708100 0
708600 1e-06
709100 1e-06
709600 1e-06
710100 1e-06
710600 1e-06
711100 1e-06
711600 1e-06
712100 1e-06
712600 1e-06
713100 1e-06
713600 1e-06
714100 1e-06
714600 0
715100 1e-06
715600 1e-06
716100 1e-06
716600 1e-06
717100 1e-06
717600 1e-06
718100 1e-06
718600 1e-06
719100 1e-06
719600 1e-06
720100 1e-06
720600 1e-06
721100 1e-06
721600 1e-06
722100 0
722600 1e-06
723100 1e-06
723600 1e-06
724100 1e-06
724600 1e-06
725100 1e-06
725600 1e-06
726100 1e-06
726600 1e-06
727100 1e-06
727600 1e-06
728100 1e-06
728600 1e-06
729100 1e-06
729600 1e-06
730100 1e-06
730600 1e-06
731100 1e-06
731600 0
732100 1e-06
732600 1e-06
733100 1e-06
733600 1e-06
734100 1e-06
734600 1e-06
735100 1e-06
735600 1e-06
736100 1e-06
736600 1e-06
737100 2e-06
737600 1e-06
738100 1e-06
738600 1e-06
739100 0
739600 1e-06
740100 1e-06
740600 1e-06
741100 1e-06
741600 0
742100 1e-06
742600 1e-06
743100 1e-06
743600 2e-06
744100 1e-06
744600 1e-06
745100 0
745600 1e-06
746100 1e-06
746600 1e-06
747100 1e-06
747600 1e-06
748100 0
748600 2e-06
749100 1e-06
749600 2e-06
750100 1e-06
750600 1e-06
751100 1e-06
751600 1e-06
752100 2e-06
752600 1e-06
753100 1e-06
753600 1e-06
754100 1e-06
754600 1e-06
755100 1e-06
755600 1e-06
756100 2e-06
756600 1e-06
757100 1e-06
757600 1e-06
758100 1e-06
758600 1e-06
759100 1e-06
759600 1e-06
760100 1e-06
760600 1e-06
761100 1e-06
761600 1e-06
762100 1e-06
762600 1e-06
763100 0
763600 1e-06
764100 1e-06
764600 1e-06
765100 1e-06
765600 0
766100 1e-06
766600 1e-06
767100 2e-06
767600 1e-06
768100 1e-06
768600 1e-06
769100 1e-06
769600 1e-06
770100 1e-06
770600 1e-06
771100 1e-06
771600 1e-06
772100 1e-06
772600 1e-06
773100 0
773600 2e-06
774100 1e-06
774600 1e-06
775100 1e-06
775600 1e-06
776100 1e-06
776600 1e-06
777100 1e-06
777600 2e-06
778100 1e-06
778600 1e-06
779100 1e-06
779600 1e-06
780100 1e-06
780600 1e-06
781100 1e-06
781600 1e-06
782100 1e-06
782600 1e-06
783100 1e-06
783600 1e-06
784100 1e-06
784600 1e-06
785100 1e-06
785600 1e-06
786100 1e-06
786600 1e-06
787100 1e-06
787600 2e-06
788100 1e-06
788600 1e-06
789100 1e-06
789600 1e-06
790100 1e-06
790600 1e-06
791100 1e-06
791600 1e-06
792100 1e-06
792600 1e-06
793100 1e-06
793600 1e-06
794100 2e-06
794600 1e-06
795100 2e-06
795600 1e-06
796100 1e-06
796600 1e-06
797100 2e-06
797600 0
798100 1e-06
798600 1e-06
799100 1e-06
799600 1e-06
800100 1e-06
800600 1e-06
801100 1e-06
801600 1e-06
802100 1e-06
802600 1e-06
803100 1e-06
803600 1e-06
804100 1e-06
804600 1e-06
805100 1e-06
805600 1e-06
806100 1e-06
806600 1e-06
807100 1e-06
807600 1e-06
808100 1e-06
808600 1e-06
809100 1e-06
809600 2e-06
810100 1e-06
810600 2e-06
811100 1e-06
811600 1e-06
812100 1e-06
812600 1e-06
813100 1e-06
813600 1e-06
814100 1e-06
814600 1e-06
815100 1e-06
815600 1e-06
816100 1e-06
816600 1e-06
817100 1e-06
817600 1e-06
818100 1e-06
818600 1e-06
819100 1e-06
819600 1e-06
820100 2e-06
820600 2e-06
821100 1e-06
821600 1e-06
822100 1e-06
822600 1e-06
823100 1e-06
823600 1e-06
824100 1e-06
824600 1e-06
825100 1e-06
825600 0
826100 1e-06
826600 1e-06
827100 1e-06
827600 1e-06
828100 1e-06
828600 1e-06
829100 0
829600 1e-06
830100 1e-06
830600 1e-06
831100 1e-06
831600 1e-06
832100 2e-06
832600 1e-06
833100 2e-06
833600 1e-06
834100 1e-06
834600 1e-06
835100 1e-06
835600 1e-06
836100 1e-06
836600 1e-06
837100 1e-06
837600 1e-06
838100 1e-06
838600 1e-06
839100 1e-06
839600 1e-06
840100 1e-06
840600 1e-06
841100 1e-06
841600 1e-06
842100 1e-06
842600 2e-06
843100 2e-06
843600 1e-06
844100 1e-06
844600 1e-06
845100 1e-06
845600 1e-06
846100 1e-06
846600 1e-06
847100 1e-06
847600 0
848100 0
848600 1e-06
849100 1e-06
849600 2e-06
850100 1e-06
850600 1e-06
851100 1e-06
851600 1e-06
852100 1e-06
852600 1e-06
853100 1e-06
853600 2e-06
854100 1e-06
854600 1e-06
855100 1e-06
855600 1e-06
856100 1e-06
856600 0
857100 1e-06
857600 2e-06
858100 1e-06
858600 1e-06
859100 1e-06
859600 1e-06
860100 1e-06
860600 1e-06
861100 0
861600 1e-06
862100 0
862600 1e-06
863100 1e-06
863600 1e-06
864100 1e-06
864600 1e-06
865100 1e-06
865600 1e-06
866100 1e-06
866600 1e-06
867100 1e-06
867600 1e-06
868100 1e-06
868600 1e-06
869100 1e-06
869600 1e-06
870100 1e-06
870600 1e-06
871100 1e-06
871600 1e-06
872100 1e-06
872600 1e-06
873100 1e-06
873600 1e-06
874100 1e-06
874600 1e-06
875100 1e-06
875600 1e-06
876100 1e-06
876600 1e-06
877100 1e-06
877600 1e-06
878100 1e-06
878600 1e-06
879100 1e-06
879600 1e-06
880100 1e-06
880600 1e-06
881100 1e-06
881600 1e-06
882100 1e-06
882600 1e-06
883100 1e-06
883600 1e-06
884100 1e-06
884600 0
885100 1e-06
885600 1e-06
886100 2e-06
886600 1e-06
887100 1e-06
887600 1e-06
888100 1e-06
888600 1e-06
889100 1e-06
889600 1e-06
890100 1e-06
890600 1e-06
891100 1e-06
891600 1e-06
892100 1e-06
892600 1e-06
893100 1e-06
893600 1e-06
894100 1e-06
894600 1e-06
895100 1e-06
895600 1e-06
896100 1e-06
896600 1e-06
897100 0
897600 0
898100 1e-06
898600 0
899100 1e-06
899600 1e-06
900100 1e-06
900600 1e-06
901100 1e-06
901600 1e-06
902100 1e-06
902600 1e-06
903100 1e-06
903600 1e-06
904100 1e-06
904600 1e-06
905100 1e-06
905600 1e-06
906100 1e-06
906600 0
907100 1e-06
907600 0
908100 1e-06
908600 1e-06
909100 1e-06
909600 1e-06
910100 1e-06
910600 0
911100 1e-06
911600 1e-06
912100 1e-06
912600 1e-06
913100 1e-06
913600 0
914100 1e-06
914600 0
915100 1e-06
915600 1e-06
916100 1e-06
916600 0
917100 1e-06
917600 1e-06
918100 1e-06
918600 0
919100 0
919600 1e-06
920100 1e-06
920600 1e-06
921100 1e-06
921600 1e-06
922100 1e-06
922600 2e-06
923100 1e-06
923600 1e-06
924100 1e-06
924600 1e-06
925100 1e-06
925600 1e-06
926100 1e-06
926600 1e-06
927100 1e-06
927600 1e-06
928100 1e-06
928600 1e-06
929100 1e-06
929600 1e-06
930100 1e-06
930600 1e-06
931100 1e-06
931600 1e-06
932100 1e-06
932600 1e-06
933100 0
933600 2e-06
934100 1e-06
934600 1e-06
935100 1e-06
935600 1e-06
936100 1e-06
936600 0
937100 1e-06
937600 1e-06
938100 1e-06
938600 1e-06
939100 1e-06
939600 1e-06
940100 1e-06
940600 1e-06
941100 1e-06
941600 1e-06
942100 1e-06
942600 1e-06
943100 1e-06
943600 1e-06
944100 1e-06
944600 1e-06
945100 1e-06
945600 1e-06
946100 1e-06
946600 1e-06
947100 1e-06
947600 1e-06
948100 1e-06
948600 1e-06
949100 1e-06
949600 0
950100 1e-06
950600 1e-06
951100 2e-06
951600 1e-06
952100 1e-06
952600 1e-06
953100 1e-06
953600 0
954100 1e-06
954600 1e-06
955100 1e-06
955600 2e-06
956100 1e-06
956600 1e-06
957100 1e-06
957600 2e-06
958100 1e-06
958600 1e-06
959100 0
959600 1e-06
960100 1e-06
960600 1e-06
961100 1e-06
961600 1e-06
962100 1e-06
962600 1e-06
963100 1e-06
963600 1e-06
964100 1e-06
964600 1e-06
965100 1e-06
965600 1e-06
966100 1e-06
966600 1e-06
967100 1e-06
967600 1e-06
968100 0
968600 1e-06
969100 1e-06
969600 1e-06
970100 1e-06
970600 1e-06
971100 1e-06
971600 1e-06
972100 1e-06
972600 1e-06
973100 1e-06
973600 1e-06
974100 1e-06
974600 1e-06
975100 1e-06
975600 1e-06
976100 1e-06
976600 1e-06
977100 1e-06
977600 0
978100 1e-06
978600 1e-06
979100 1e-06
979600 1e-06
980100 1e-06
980600 1e-06
981100 1e-06
981600 1e-06
982100 0
982600 1e-06
983100 1e-06
983600 1e-06
984100 1e-06
984600 1e-06
985100 1e-06
985600 1e-06
986100 1e-06
986600 1e-06
987100 1e-06
987600 1e-06
988100 1e-06
988600 2e-06
989100 1e-06
989600 1e-06
990100 1e-06
990600 1e-06
991100 1e-06
991600 1e-06
992100 1e-06
992600 1e-06
993100 2e-06
993600 0
994100 1e-06
994600 1e-06
995100 1e-06
995600 0
996100 2e-06
996600 1e-06
997100 1e-06
997600 1e-06
998100 1e-06
998600 1e-06
999100 1e-06
999600 1e-06
1000100 1e-06
1000600 1e-06
1001100 1e-06
1001600 1e-06
1002100 1e-06
1002600 1e-06
1003100 1e-06
1003600 1e-06
1004100 1e-06
1004600 1e-06
1005100 1e-06
1005600 1e-06
1006100 1e-06
1006600 1e-06
1007100 0
1007600 1e-06
1008100 1e-06
1008600 1e-06
1009100 1e-06
1009600 1e-06
1010100 2e-06
1010600 1e-06
1011100 1e-06
1011600 1e-06
1012100 1e-06
1012600 1e-06
1013100 0
1013600 1e-06
1014100 1e-06
1014600 1e-06
1015100 1e-06
1015600 1e-06
1016100 1e-06
1016600 1e-06
1017100 1e-06
1017600 0
1018100 1e-06
1018600 1e-06
1019100 1e-06
1019600 1e-06
1020100 1e-06
1020600 1e-06
1021100 1e-06
1021600 1e-06
1022100 1e-06
1022600 1e-06
1023100 1e-06
1023600 1e-06
1024100 1e-06
1024600 1e-06
1025100 0
1025600 0
1026100 1e-06
1026600 1e-06
1027100 1e-06
1027600 1e-06
1028100 1e-06
1028600 1e-06
1029100 1e-06
1029600 0
1030100 1e-06
1030600 2e-06
1031100 2e-06
1031600 1e-06
1032100 1e-06
1032600 1e-06
1033100 1e-06
1033600 1e-06
1034100 1e-06
1034600 1e-06
1035100 1e-06
1035600 1e-06
1036100 1e-06
1036600 1e-06
1037100 1e-06
1037600 1e-06
1038100 1e-06
1038600 1e-06
1039100 1e-06
1039600 1e-06
1040100 1e-06
1040600 0
1041100 1e-06
1041600 1e-06
1042100 1e-06
1042600 1e-06
1043100 1e-06
1043600 1e-06
1044100 0
1044600 1e-06
1045100 0
1045600 1e-06
1046100 1e-06
1046600 1e-06
1047100 1e-06
1047600 1e-06
1048100 1e-06
1048600 1e-06
1049100 1e-06
1049600 2e-06
1050100 1e-06
1050600 1e-06
1051100 1e-06
1051600 1e-06
1052100 1e-06
1052600 1e-06
1053100 1e-06
1053600 1e-06
1054100 1e-06
1054600 1e-06
1055100 1e-06
1055600 1e-06
1056100 1e-06
1056600 1e-06
1057100 1e-06
1057600 1e-06
1058100 1e-06
1058600 1e-06
1059100 1e-06
1059600 1e-06
1060100 1e-06
1060600 1e-06
1061100 1e-06
1061600 2e-06
1062100 1e-06
1062600 1e-06
1063100 1e-06
1063600 1e-06
1064100 0
1064600 1e-06
1065100 1e-06
1065600 1e-06
1066100 1e-06
1066600 1e-06
1067100 1e-06
1067600 1e-06
1068100 1e-06
1068600 1e-06
1069100 1e-06
1069600 1e-06
1070100 1e-06
1070600 1e-06
1071100 0
1071600 1e-06
1072100 1e-06
1072600 1e-06
1073100 1e-06
1073600 1e-06
1074100 1e-06
1074600 0
1075100 1e-06
1075600 1e-06
1076100 1e-06
1076600 1e-06
1077100 1e-06
1077600 1e-06
1078100 0
1078600 1e-06
1079100 1e-06
1079600 1e-06
1080100 1e-06
1080600 1e-06
1081100 1e-06
1081600 1e-06
1082100 1e-06
1082600 1e-06
1083100 1e-06
1083600 1e-06
1084100 1e-06
1084600 1e-06
1085100 1e-06
1085600 1e-06
1086100 1e-06
1086600 1e-06
1087100 1e-06
1087600 1e-06
1088100 1e-06
1088600 1e-06
1089100 1e-06
1089600 0
1090100 1e-06
1090600 1e-06
1091100 1e-06
1091600 1e-06
1092100 1e-06
1092600 1e-06
1093100 1e-06
1093600 1e-06
1094100 1e-06
1094600 1e-06
1095100 1e-06
1095600 1e-06
1096100 1e-06
1096600 1e-06
1097100 1e-06
1097600 1e-06
1098100 1e-06
1098600 1e-06
1099100 1e-06
1099600 1e-06
1100100 1e-06
1100600 1e-06
1101100 1e-06
1101600 1e-06
1102100 1e-06
1102600 1e-06
1103100 1e-06
1103600 1e-06
1104100 1e-06
1104600 1e-06
1105100 1e-06
1105600 1e-06
1106100 2e-06
1106600 1e-06
1107100 1e-06
1107600 1e-06
1108100 1e-06
1108600 1e-06
1109100 1e-06
1109600 1e-06
1110100 1e-06
1110600 1e-06
1111100 1e-06
1111600 1e-06
1112100 1e-06
1112600 0
1113100 1e-06
1113600 1e-06
1114100 1e-06
1114600 1e-06
1115100 1e-06
1115600 1e-06
1116100 1e-06
1116600 1e-06
1117100 1e-06
1117600 1e-06
1118100 1e-06
1118600 1e-06
1119100 1e-06
1119600 1e-06
1120100 1e-06
1120600 0
1121100 1e-06
1121600 1e-06
1122100 1e-06
1122600 0
1123100 1e-06
1123600 1e-06
1124100 1e-06
1124600 0
1125100 1e-06
1125600 1e-06
1126100 1e-06
1126600 1e-06
1127100 0
1127600 1e-06
1128100 1e-06
1128600 1e-06
1129100 1e-06
1129600 1e-06
1130100 1e-06
1130600 0
1131100 1e-06
1131600 1e-06
1132100 1e-06
1132600 1e-06
1133100 1e-06
1133600 1e-06
1134100 0
1134600 1e-06
1135100 1e-06
1135600 0
1136100 1e-06
1136600 1e-06
1137100 1e-06
1137600 1e-06
1138100 1e-06
1138600 1e-06
1139100 0
1139600 1e-06
1140100 1e-06
1140600 1e-06
1141100 1e-06
1141600 1e-06
1142100 1e-06
1142600 1e-06
1143100 1e-06
1143600 1e-06
1144100 1e-06
1144600 1e-06
1145100 1e-06
1145600 1e-06
1146100 0
1146600 1e-06
1147100 1e-06
1147600 1e-06
1148100 1e-06
1148600 1e-06
1149100 1e-06
1149600 1e-06
1150100 1e-06
1150600 1e-06
1151100 1e-06
1151600 1e-06
1152100 1e-06
1152600 1e-06
1153100 1e-06
1153600 1e-06
1154100 1e-06
1154600 1e-06
1155100 0
1155600 1e-06
1156100 1e-06
1156600 1e-06
1157100 1e-06
1157600 0
1158100 1e-06
1158600 1e-06
1159100 1e-06
1159600 1e-06
1160100 2e-06
1160600 1e-06
1161100 1e-06
1161600 1e-06
1162100 1e-06
1162600 1e-06
1163100 1e-06
1163600 2e-06
1164100 1e-06
1164600 1e-06
1165100 1e-06
1165600 1e-06
1166100 1e-06
1166600 1e-06
1167100 1e-06
1167600 1e-06
1168100 1e-06
1168600 1e-06
1169100 1e-06
1169600 1e-06
1170100 1e-06
1170600 1e-06
1171100 1e-06
1171600 1e-06
1172100 1e-06
1172600 1e-06
1173100 1e-06
1173600 1e-06
1174100 2e-06
1174600 1e-06
1175100 1e-06
1175600 1e-06
1176100 1e-06
1176600 1e-06
1177100 1e-06
1177600 1e-06
1178100 1e-06
1178600 1e-06
1179100 1e-06
1179600 1e-06
1180100 1e-06
1180600 1e-06
1181100 0
1181600 2e-06
1182100 0
1182600 1e-06
1183100 1e-06
1183600 1e-06
1184100 1e-06
1184600 2e-06
1185100 2e-06
1185600 1e-06
1186100 1e-06
1186600 1e-06
1187100 1e-06
1187600 1e-06
1188100 0
1188600 1e-06
1189100 1e-06
1189600 1e-06
1190100 1e-06
1190600 1e-06
1191100 1e-06
1191600 1e-06
1192100 1e-06
1192600 1e-06
1193100 1e-06
1193600 1e-06
1194100 1e-06
1194600 1e-06
1195100 1e-06
1195600 1e-06
1196100 1e-06
1196600 1e-06
1197100 3e-06
1197600 1e-06
1198100 1e-06
1198600 1e-06
1199100 1e-06
1199600 1e-06
1200100 1e-06
1200600 1e-06
1201100 1e-06
1201600 1e-06
1202100 1e-06
1202600 1e-06
1203100 2e-06
1203600 1e-06
1204100 1e-06
1204600 1e-06
1205100 1e-06
1205600 1e-06
1206100 1e-06
1206600 1e-06
1207100 1e-06
1207600 1e-06
1208100 1e-06
1208600 1e-06
1209100 2e-06
1209600 1e-06
1210100 1e-06
1210600 1e-06
1211100 1e-06
1211600 1e-06
1212100 1e-06
1212600 1e-06
1213100 1e-06
1213600 1e-06
1214100 2e-06
1214600 0
1215100 1e-06
1215600 1e-06
1216100 2e-06
1216600 1e-06
1217100 1e-06
1217600 1e-06
1218100 1e-06
1218600 1e-06
1219100 1e-06
1219600 1e-06
1220100 1e-06
1220600 1e-06
1221100 1e-06
1221600 1e-06
1222100 1e-06
1222600 1e-06
1223100 1e-06
1223600 1e-06
1224100 1e-06
1224600 1e-06
1225100 1e-06
1225600 1e-06
1226100 2e-06
1226600 1e-06
1227100 1e-06
1227600 1e-06
1228100 1e-06
1228600 1e-06
1229100 1e-06
1229600 2e-06
1230100 1e-06
1230600 1e-06
1231100 1e-06
1231600 1e-06
1232100 1e-06
1232600 1e-06
1233100 1e-06
1233600 1e-06
1234100 1e-06
1234600 1e-06
1235100 1e-06
1235600 1e-06
1236100 1e-06
1236600 1e-06
1237100 1e-06
1237600 1e-06
1238100 1e-06
1238600 1e-06
1239100 1e-06
1239600 1e-06
1240100 1e-06
1240600 1e-06
1241100 1e-06
1241600 1e-06
1242100 1e-06
1242600 1e-06
1243100 1e-06
1243600 1e-06
1244100 1e-06
1244600 1e-06
1245100 2e-06
1245600 1e-06
1246100 1e-06
1246600 1e-06
1247100 1e-06
1247600 1e-06
1248100 1e-06
1248600 1e-06
1249100 1e-06
1249600 1e-06
1250100 1e-06
1250600 1e-06
1251100 1e-06
1251600 1e-06
1252100 1e-06
1252600 1e-06
1253100 1e-06
1253600 1e-06
1254100 1e-06
1254600 1e-06
1255100 1e-06
1255600 1e-06
1256100 1e-06
1256600 1e-06
1257100 1e-06
1257600 1e-06
1258100 1e-06
1258600 1e-06
1259100 1e-06
1259600 1e-06
1260100 1e-06
1260600 1e-06
1261100 1e-06
1261600 2e-06
1262100 1e-06
1262600 2e-06
1263100 1e-06
1263600 1e-06
1264100 1e-06
1264600 2e-06
1265100 1e-06
1265600 1e-06
1266100 1e-06
1266600 1e-06
1267100 1e-06
1267600 1e-06
1268100 1e-06
1268600 1e-06
1269100 1e-06
1269600 2e-06
1270100 1e-06
1270600 1e-06
1271100 1e-06
1271600 1e-06
1272100 1e-06
1272600 1e-06
1273100 1e-06
1273600 1e-06
1274100 1e-06
1274600 1e-06
1275100 1e-06
1275600 1e-06
1276100 1e-06
1276600 0
1277100 0
1277600 1e-06
1278100 1e-06
1278600 1e-06
1279100 1e-06
1279600 1e-06
1280100 1e-06
1280600 1e-06
1281100 1e-06
1281600 0
1282100 1e-06
1282600 1e-06
1283100 1e-06
1283600 1e-06
1284100 1e-06
1284600 0
1285100 1e-06
1285600 1e-06
1286100 1e-06
1286600 1e-06
1287100 1e-06
1287600 1e-06
1288100 1e-06
1288600 0
1289100 1e-06
1289600 1e-06
1290100 1e-06
1290600 1e-06
1291100 1e-06
1291600 1e-06
1292100 1e-06
1292600 1e-06
1293100 1e-06
1293600 1e-06
1294100 1e-06
1294600 1e-06
1295100 1e-06
1295600 0
1296100 1e-06
1296600 1e-06
1297100 1e-06
1297600 1e-06
1298100 1e-06
1298600 1e-06
1299100 1e-06
1299600 1e-06
1300100 1e-06
1300600 1e-06
1301100 1e-06
1301600 1e-06
1302100 1e-06
1302600 2e-06
1303100 1e-06
1303600 0
1304100 1e-06
1304600 1e-06
1305100 1e-06
1305600 1e-06
1306100 1e-06
1306600 1e-06
1307100 1e-06
1307600 1e-06
1308100 1e-06
1308600 1e-06
1309100 1e-06
1309600 0
1310100 1e-06
1310600 1e-06
1311100 1e-06
1311600 1e-06
1312100 1e-06
1312600 2e-06
1313100 0
1313600 1e-06
1314100 1e-06
1314600 1e-06
1315100 1e-06
1315600 1e-06
1316100 1e-06
1316600 1e-06
1317100 1e-06
1317600 1e-06
1318100 1e-06
1318600 1e-06
1319100 1e-06
1319600 1e-06
1320100 1e-06
1320600 2e-06
1321100 2e-06
1321600 1e-06
1322100 1e-06
1322600 1e-06
1323100 1e-06
1323600 1e-06
1324100 1e-06
1324600 1e-06
1325100 1e-06
1325600 1e-06
1326100 1e-06
1326600 1e-06
1327100 1e-06
1327600 1e-06
1328100 1e-06
1328600 1e-06
1329100 1e-06
1329600 1e-06
1330100 1e-06
1330600 1e-06
1331100 1e-06
1331600 1e-06
1332100 1e-06
1332600 1e-06
1333100 1e-06
1333600 1e-06
1334100 1e-06
1334600 1e-06
1335100 1e-06
1335600 1e-06
1336100 1e-06
1336600 1e-06
1337100 2e-06
1337600 1e-06
1338100 1e-06
1338600 1e-06
1339100 1e-06
1339600 2e-06
1340100 1e-06
1340600 1e-06
1341100 1e-06
1341600 1e-06
1342100 1e-06
1342600 1e-06
1343100 1e-06
1343600 1e-06
1344100 0
1344600 1e-06
1345100 1e-06
1345600 1e-06
1346100 1e-06
1346600 1e-06
1347100 2e-06
1347600 1e-06
1348100 1e-06
1348600 1e-06
1349100 0
1349600 1e-06
1350100 1e-06
1350600 1e-06
1351100 1e-06
1351600 1e-06
1352100 1e-06
1352600 1e-06
1353100 1e-06
1353600 1e-06
1354100 1e-06
1354600 1e-06
1355100 1e-06
1355600 1e-06
1356100 1e-06
1356600 1e-06
1357100 1e-06
1357600 1e-06
1358100 1e-06
1358600 1e-06
1359100 1e-06
1359600 1e-06
1360100 2e-06
1360600 2e-06
1361100 1e-06
1361600 1e-06
1362100 1e-06
1362600 2e-06
1363100 1e-06
1363600 2e-06
1364100 1e-06
1364600 1e-06
1365100 1e-06
1365600 1e-06
1366100 2e-06
1366600 0
1367100 1e-06
1367600 1e-06
1368100 2e-06
1368600 1e-06
1369100 1e-06
1369600 1e-06
1370100 0
1370600 1e-06
1371100 1e-06
1371600 0
1372100 1e-06
1372600 2e-06
1373100 1e-06
1373600 2e-06
1374100 1e-06
1374600 1e-06
1375100 1e-06
1375600 1e-06
1376100 1e-06
1376600 1e-06
1377100 1e-06
1377600 1e-06
1378100 1e-06
1378600 1e-06
1379100 1e-06
1379600 1e-06
1380100 1e-06
1380600 1e-06
1381100 1e-06
1381600 1e-06
1382100 1e-06
1382600 1e-06
1383100 1e-06
1383600 1e-06
1384100 1e-06
1384600 1e-06
1385100 1e-06
1385600 1e-06
1386100 1e-06
1386600 1e-06
1387100 1e-06
1387600 1e-06
1388100 1e-06
1388600 1e-06
1389100 1e-06
1389600 1e-06
1390100 2e-06
1390600 1e-06
1391100 1e-06
1391600 1e-06
1392100 1e-06
1392600 1e-06
1393100 1e-06
1393600 1e-06
1394100 1e-06
1394600 1e-06
1395100 1e-06
1395600 0
1396100 1e-06
1396600 1e-06
1397100 1e-06
1397600 1e-06
1398100 1e-06
1398600 1e-06
1399100 1e-06
1399600 1e-06
1400100 1e-06
1400600 1e-06
1401100 1e-06
1401600 1e-06
1402100 1e-06
1402600 1e-06
1403100 1e-06
1403600 1e-06
1404100 1e-06
1404600 1e-06
1405100 1e-06
1405600 1e-06
1406100 1e-06
1406600 1e-06
1407100 0
1407600 1e-06
1408100 1e-06
1408600 1e-06
1409100 1e-06
1409600 1e-06
1410100 1e-06
1410600 1e-06
1411100 1e-06
1411600 1e-06
1412100 0
1412600 1e-06
1413100 1e-06
1413600 1e-06
1414100 1e-06
1414600 1e-06
1415100 1e-06
1415600 1e-06
1416100 1e-06
1416600 0
1417100 1e-06
1417600 1e-06
1418100 1e-06
1418600 1e-06
1419100 1e-06
1419600 1e-06
1420100 1e-06
1420600 1e-06
1421100 1e-06
1421600 1e-06
1422100 1e-06
1422600 0
1423100 1e-06
1423600 1e-06
1424100 1e-06
1424600 1e-06
1425100 1e-06
1425600 1e-06
1426100 2e-06
1426600 1e-06
1427100 1e-06
1427600 1e-06
1428100 1e-06
1428600 1e-06
1429100 1e-06
1429600 1e-06
1430100 1e-06
1430600 1e-06
1431100 1e-06
1431600 1e-06
1432100 1e-06
1432600 1e-06
1433100 1e-06
1433600 1e-06
1434100 1e-06
1434600 1e-06
1435100 1e-06
1435600 1e-06
1436100 2e-06
1436600 2e-06
1437100 1e-06
1437600 2e-06
1438100 1e-06
1438600 1e-06
1439100 1e-06
1439600 1e-06
1440100 2e-06
1440600 1e-06
1441100 1e-06
1441600 1e-06
1442100 1e-06
1442600 2e-06
1443100 1e-06
1443600 1e-06
1444100 1e-06
1444600 1e-06
1445100 1e-06
1445600 1e-06
1446100 1e-06
1446600 1e-06
1447100 1e-06
1447600 1e-06
1448100 1e-06
1448600 1e-06
1449100 0
1449600 1e-06
1450100 1e-06
1450600 1e-06
1451100 1e-06
1451600 1e-06
1452100 1e-06
1452600 1e-06
1453100 1e-06
1453600 1e-06
1454100 1e-06
1454600 1e-06
1455100 1e-06
1455600 1e-06
1456100 1e-06
1456600 1e-06
1457100 1e-06
1457600 1e-06
1458100 1e-06
1458600 1e-06
1459100 1e-06
1459600 1e-06
1460100 1e-06
1460600 1e-06
1461100 1e-06
1461600 1e-06
1462100 1e-06
1462600 1e-06
1463100 1e-06
1463600 1e-06
1464100 1e-06
1464600 1e-06
1465100 1e-06
1465600 1e-06
1466100 1e-06
1466600 1e-06
1467100 1e-06
1467600 1e-06
1468100 2e-06
1468600 0
1469100 1e-06
1469600 0
1470100 1e-06
1470600 1e-06
1471100 1e-06
1471600 0
1472100 1e-06
1472600 1e-06
1473100 1e-06
1473600 1e-06
1474100 1e-06
1474600 1e-06
1475100 1e-06
1475600 1e-06
1476100 1e-06
1476600 1e-06
1477100 1e-06
1477600 1e-06
1478100 1e-06
1478600 1e-06
1479100 1e-06
1479600 1e-06
1480100 0
1480600 1e-06
1481100 1e-06
1481600 1e-06
1482100 1e-06
1482600 1e-06
1483100 1e-06
1483600 1e-06
1484100 1e-06
1484600 1e-06
1485100 1e-06
1485600 1e-06
1486100 1e-06
1486600 1e-06
1487100 1e-06
1487600 1e-06
1488100 1e-06
1488600 1e-06
1489100 1e-06
1489600 1e-06
1490100 1e-06
1490600 1e-06
1491100 1e-06
1491600 1e-06
1492100 1e-06
1492600 1e-06
1493100 1e-06
1493600 1e-06
1494100 1e-06
1494600 1e-06
1495100 1e-06
1495600 1e-06
1496100 1e-06
1496600 1e-06
1497100 0
1497600 1e-06
1498100 1e-06
1498600 1e-06
1499100 1e-06
1499600 1e-06
1500100 0
1500600 1e-06
1501100 1e-06
1501600 1e-06
1502100 1e-06
1502600 0
1503100 1e-06
1503600 1e-06
1504100 1e-06
1504600 1e-06
1505100 1e-06
1505600 1e-06
1506100 1e-06
1506600 2e-06
1507100 1e-06
1507600 1e-06
1508100 1e-06
1508600 1e-06
1509100 2e-06
1509600 1e-06
1510100 0
1510600 1e-06
1511100 1e-06
1511600 1e-06
1512100 1e-06
1512600 1e-06
1513100 1e-06
1513600 1e-06
1514100 1e-06
1514600 1e-06
1515100 2e-06
1515600 1e-06
1516100 1e-06
1516600 1e-06
1517100 1e-06
1517600 1e-06
1518100 1e-06
1518600 1e-06
1519100 1e-06
1519600 1e-06
1520100 1e-06
1520600 1e-06
1521100 1e-06
1521600 1e-06
1522100 1e-06
1522600 1e-06
1523100 1e-06
1523600 1e-06
1524100 1e-06
1524600 1e-06
1525100 1e-06
1525600 1e-06
1526100 1e-06
1526600 1e-06
1527100 1e-06
1527600 1e-06
1528100 1e-06
1528600 1e-06
1529100 1e-06
1529600 1e-06
1530100 1e-06
1530600 1e-06
1531100 1e-06
1531600 1e-06
1532100 1e-06
1532600 1e-06
1533100 1e-06
1533600 1e-06
1534100 1e-06
1534600 1e-06
1535100 2e-06
1535600 1e-06
1536100 1e-06
1536600 1e-06
1537100 1e-06
1537600 2e-06
1538100 1e-06
1538600 1e-06
1539100 1e-06
1539600 1e-06
1540100 1e-06
1540600 1e-06
1541100 2e-06
1541600 2e-06
1542100 1e-06
1542600 1e-06
1543100 1e-06
1543600 1e-06
1544100 1e-06
1544600 1e-06
1545100 1e-06
1545600 1e-06
1546100 1e-06
1546600 1e-06
1547100 1e-06
1547600 1e-06
1548100 1e-06
1548600 1e-06
1549100 1e-06
1549600 0
1550100 1e-06
1550600 1e-06
1551100 1e-06
1551600 1e-06
1552100 1e-06
1552600 1e-06
1553100 1e-06
1553600 0
1554100 1e-06
1554600 1e-06
1555100 1e-06
1555600 1e-06
1556100 1e-06
1556600 1e-06
1557100 1e-06
1557600 1e-06
1558100 1e-06
1558600 1e-06
1559100 1e-06
1559600 1e-06
1560100 1e-06
1560600 1e-06
1561100 1e-06
1561600 0
1562100 1e-06
1562600 1e-06
1563100 1e-06
1563600 1e-06
1564100 1e-06
1564600 1e-06
1565100 1e-06
1565600 1e-06
1566100 0
1566600 1e-06
1567100 1e-06
1567600 1e-06
1568100 1e-06
1568600 1e-06
1569100 1e-06
1569600 0
1570100 1e-06
1570600 1e-06
1571100 1e-06
1571600 1e-06
1572100 0
1572600 1e-06
1573100 0
1573600 0
1574100 1e-06
1574600 1e-06
1575100 0
1575600 1e-06
1576100 1e-06
1576600 1e-06
1577100 1e-06
1577600 1e-06
1578100 1e-06
1578600 1e-06
1579100 1e-06
1579600 1e-06
1580100 1e-06
1580600 1e-06
1581100 1e-06
1581600 1e-06
1582100 1e-06
1582600 1e-06
1583100 0
1583600 1e-06
1584100 1e-06
1584600 1e-06
1585100 1e-06
1585600 1e-06
1586100 1e-06
1586600 1e-06
1587100 1e-06
1587600 1e-06
1588100 1e-06
1588600 1e-06
1589100 1e-06
1589600 1e-06
1590100 1e-06
1590600 1e-06
1591100 1e-06
1591600 1e-06
1592100 1e-06
1592600 1e-06
1593100 0
1593600 1e-06
1594100 1e-06
1594600 1e-06
1595100 0
1595600 1e-06
1596100 1e-06
1596600 1e-06
1597100 1e-06
1597600 2e-06
1598100 1e-06
1598600 1e-06
1599100 1e-06
1599600 1e-06
1600100 1e-06
1600600 1e-06
1601100 1e-06
1601600 1e-06
1602100 1e-06
1602600 1e-06
1603100 0
1603600 2e-06
1604100 1e-06
1604600 0
1605100 1e-06
1605600 1e-06
1606100 1e-06
1606600 0
1607100 1e-06
1607600 1e-06
1608100 1e-06
1608600 1e-06
1609100 1e-06
1609600 1e-06
1610100 1e-06
1610600 1e-06
1611100 1e-06
1611600 1e-06
1612100 1e-06
1612600 1e-06
1613100 1e-06
1613600 1e-06
1614100 1e-06
1614600 0
1615100 1e-06
1615600 1e-06
1616100 1e-06
1616600 1e-06
1617100 1e-06
1617600 1e-06
1618100 1e-06
1618600 1e-06
1619100 1e-06
1619600 1e-06
1620100 1e-06
1620600 1e-06
1621100 2e-06
1621600 1e-06
1622100 1e-06
1622600 0
1623100 1e-06
1623600 1e-06
1624100 1e-06
1624600 1e-06
1625100 1e-06
1625600 1e-06
1626100 1e-06
1626600 1e-06
1627100 1e-06
1627600 1e-06
1628100 1e-06
1628600 1e-06
1629100 0
1629600 1e-06
1630100 1e-06
1630600 1e-06
1631100 2e-06
1631600 2e-06
1632100 1e-06
1632600 1e-06
1633100 1e-06
1633600 1e-06
1634100 1e-06
1634600 1e-06
1635100 1e-06
1635600 1e-06
1636100 1e-06
1636600 1e-06
1637100 0
1637600 1e-06
1638100 1e-06
1638600 1e-06
1639100 2e-06
1639600 2e-06
1640100 1e-06
1640600 1e-06
1641100 1e-06
1641600 1e-06
1642100 1e-06
1642600 1e-06
1643100 2e-06
1643600 1e-06
1644100 1e-06
1644600 1e-06
1645100 1e-06
1645600 1e-06
1646100 1e-06
1646600 2e-06
1647100 1e-06
1647600 1e-06
1648100 1e-06
1648600 2e-06
1649100 2e-06
1649600 1e-06
1650100 1e-06
1650600 1e-06
1651100 1e-06
1651600 1e-06
1652100 2e-06
1652600 1e-06
1653100 1e-06
1653600 1e-06
1654100 2e-06
1654600 1e-06
1655100 1e-06
1655600 1e-06
1656100 1e-06
1656600 2e-06
1657100 1e-06
1657600 1e-06
1658100 1e-06
1658600 1e-06
1659100 1e-06
1659600 1e-06
1660100 1e-06
1660600 2e-06
1661100 1e-06
1661600 1e-06
1662100 1e-06
1662600 1e-06
1663100 1e-06
1663600 1e-06
1664100 1e-06
1664600 1e-06
1665100 1e-06
1665600 1e-06
1666100 1e-06
1666600 1e-06
1667100 0
1667600 1e-06
1668100 1e-06
1668600 1e-06
1669100 1e-06
1669600 0
1670100 1e-06
1670600 1e-06
